0	0	0	5.208614e+02
0	0	1	3.991525e+02
0	0	2	3.657400e+02
0	0	3	6.173690e+02
0	0	4	4.930553e+02
0	0	5	3.413199e+02
0	0	6	8.683713e+02
0	0	7	6.043690e+02
0	0	8	2.591908e+03
0	0	9	1.812307e+03
0	1	0	1.206136e+03
0	1	1	1.681249e+02
0	1	2	1.185121e+03
0	1	3	8.300750e+02
0	1	4	1.201568e+03
0	1	5	3.444219e+01
0	1	6	1.291788e+03
0	1	7	1.513070e+03
0	1	8	1.747969e+03
0	1	9	7.826683e+02
0	2	0	2.268726e+03
0	2	1	1.903035e+03
0	2	2	2.024827e+03
0	2	3	1.263792e+03
0	2	4	5.174204e+02
0	2	5	8.610038e+02
0	2	6	8.034492e+02
0	2	7	6.786873e+02
0	2	8	1.682507e+03
0	2	9	9.069687e+02
0	3	0	-1.252667e+03
0	3	1	1.022175e+03
0	3	2	2.214762e+03
0	3	3	1.268464e+03
0	3	4	9.643950e+02
0	3	5	8.904023e+02
0	3	6	5.582125e+02
0	3	7	4.370382e+02
0	3	8	4.588270e+02
0	3	9	2.813589e+02
0	4	0	1.545432e+01
0	4	1	1.052657e+02
0	4	2	3.091533e+02
0	4	3	1.111437e+02
0	4	4	1.014454e+02
0	4	5	7.884544e+02
0	4	6	8.165314e+02
0	4	7	5.068979e+02
0	4	8	1.265801e+03
0	4	9	1.416463e+03
0	5	0	-1.909060e+02
0	5	1	2.536193e+03
0	5	2	2.036124e+03
0	5	3	3.897816e+03
0	5	4	1.430632e+03
0	5	5	9.243970e+01
0	5	6	1.499807e+03
0	5	7	1.997107e+02
0	5	8	8.055643e+01
0	5	9	-3.511255e+02
0	6	0	2.237546e+02
0	6	1	2.396145e+02
0	6	2	3.471459e+01
0	6	3	2.037774e+02
0	6	4	4.752432e+02
0	6	5	4.614234e+01
0	6	6	7.147424e+02
0	6	7	1.147104e+02
0	6	8	4.540173e+02
0	6	9	2.669375e+02
0	7	0	1.170880e+02
0	7	1	7.850603e+02
0	7	2	-1.350404e+02
0	7	3	2.892348e+02
0	7	4	9.468057e+02
0	7	5	1.589005e+03
0	7	6	4.479066e+02
0	7	7	5.937948e+02
0	7	8	1.537256e+02
0	7	9	2.822651e+02
0	8	0	7.277128e+02
0	8	1	7.102459e+02
0	8	2	6.154529e+02
0	8	3	7.113637e+02
0	8	4	1.585456e+02
0	8	5	9.352395e+02
0	8	6	5.095098e+01
0	8	7	9.211575e+00
0	8	8	-2.330190e+01
0	8	9	1.013047e+02
0	9	0	3.888381e+01
0	9	1	2.928440e+02
0	9	2	2.433945e+02
0	9	3	6.113582e+01
0	9	4	4.748383e+02
0	9	5	5.151246e+02
0	9	6	2.983889e+02
0	9	7	1.416722e+02
0	9	8	5.041939e+02
0	9	9	7.644685e+02
1	0	0	3.333551e+02
1	0	1	3.801787e+02
1	0	2	1.188525e+02
1	0	3	4.217114e+02
1	0	4	1.273587e+03
1	0	5	3.505244e+01
1	0	6	4.222409e+02
1	0	7	5.973893e+02
1	0	8	8.836480e+02
1	0	9	6.301115e+01
1	1	0	9.095502e+02
1	1	1	6.109759e+02
1	1	2	1.464860e+03
1	1	3	7.566481e+02
1	1	4	1.902078e+02
1	1	5	4.215376e+02
1	1	6	1.872413e+02
1	1	7	-5.372208e+01
1	1	8	6.998573e+02
1	1	9	-3.045223e+01
1	2	0	1.195832e+03
1	2	1	1.252938e+03
1	2	2	1.244286e+02
1	2	3	3.231148e+01
1	2	4	2.540348e+02
1	2	5	8.625787e+01
1	2	6	1.454396e+02
1	2	7	3.479897e+01
1	2	8	1.299239e+02
1	2	9	3.312354e+02
1	3	0	4.760016e+02
1	3	1	5.696423e+02
1	3	2	6.118703e+02
1	3	3	-9.547529e+00
1	3	4	6.989969e+02
1	3	5	5.241791e+02
1	3	6	1.010929e+03
1	3	7	4.358239e+02
1	3	8	1.659725e+03
1	3	9	1.209465e+03
1	4	0	1.391238e+03
1	4	1	3.509464e+02
1	4	2	2.724379e+02
1	4	3	2.901259e+02
1	4	4	2.570147e+02
1	4	5	8.650728e+02
1	4	6	7.450323e+02
1	4	7	6.515759e+02
1	4	8	6.791701e+02
1	4	9	5.729112e+02
1	5	0	1.943417e+02
1	5	1	2.523237e+02
1	5	2	3.252005e+01
1	5	3	1.404663e+02
1	5	4	-2.288564e+01
1	5	5	-1.545285e+02
1	5	6	7.498079e+02
1	5	7	5.179644e+02
1	5	8	8.603328e+02
1	5	9	5.018983e+02
1	6	0	8.357879e+02
1	6	1	9.092669e+01
1	6	2	3.760953e+02
1	6	3	2.916983e+02
1	6	4	7.857888e+02
1	6	5	1.700913e+03
1	6	6	8.174518e+02
1	6	7	3.653434e+02
1	6	8	2.941563e+02
1	6	9	-2.007129e+02
1	7	0	1.998448e+02
1	7	1	7.328697e+02
1	7	2	6.412398e+02
1	7	3	4.537105e+02
1	7	4	5.424583e+02
1	7	5	-4.547046e+01
1	7	6	1.987658e+02
1	7	7	3.261029e+02
1	7	8	2.961619e+02
1	7	9	1.018052e+02
1	8	0	7.753254e+01
1	8	1	5.523881e+02
1	8	2	9.920698e+01
1	8	3	2.601895e+02
1	8	4	7.240422e+02
1	8	5	3.220320e+02
1	8	6	9.143954e+02
1	8	7	2.801967e+02
1	8	8	9.559080e+02
1	8	9	8.581750e+02
1	9	0	1.174559e+03
1	9	1	7.044718e+02
1	9	2	-4.265220e+01
1	9	3	1.489713e+02
1	9	4	-2.476381e+02
1	9	5	9.098445e+02
1	9	6	9.105550e+02
1	9	7	5.624667e+02
1	9	8	6.537714e+02
1	9	9	7.212327e+02
2	0	0	9.039502e+02
2	0	1	3.675872e+02
2	0	2	1.113055e+03
2	0	3	4.903717e+02
2	0	4	4.398946e+02
2	0	5	2.580451e+02
2	0	6	1.785288e+02
2	0	7	6.876274e+02
2	0	8	1.723398e+02
2	0	9	1.751652e+03
2	1	0	1.004059e+03
2	1	1	7.920260e+02
2	1	2	7.820889e+01
2	1	3	1.076049e+02
2	1	4	5.293152e+02
2	1	5	3.303863e+02
2	1	6	4.490957e+02
2	1	7	5.123921e+02
2	1	8	2.278821e+01
2	1	9	2.941251e+02
2	2	0	5.989818e+01
2	2	1	5.545620e+02
2	2	2	4.309149e+02
2	2	3	4.344154e+01
2	2	4	4.224609e+02
2	2	5	1.237156e+03
2	2	6	8.008875e+02
2	2	7	1.145385e+03
2	2	8	5.781530e+02
2	2	9	5.623160e+02
2	3	0	6.614773e+02
2	3	1	7.276279e+02
2	3	2	1.047671e+03
2	3	3	3.627438e+02
2	3	4	7.457720e+02
2	3	5	2.064443e+03
2	3	6	1.566146e+03
2	3	7	1.189084e+03
2	3	8	1.160470e+03
2	3	9	9.846131e+02
2	4	0	3.681433e+02
2	4	1	6.159742e+02
2	4	2	3.680491e+02
2	4	3	5.479095e+02
2	4	4	-7.265427e+01
2	4	5	7.152079e+02
2	4	6	1.679160e+02
2	4	7	1.763286e+03
2	4	8	1.036829e+03
2	4	9	2.108518e+02
2	5	0	-1.070917e+00
2	5	1	6.659080e+02
2	5	2	5.338514e+02
2	5	3	3.468627e+02
2	5	4	6.014430e+02
2	5	5	3.901343e+02
2	5	6	8.121554e+02
2	5	7	6.113953e+02
2	5	8	1.588225e+02
2	5	9	5.632996e+02
2	6	0	8.257334e+02
2	6	1	9.709519e+02
2	6	2	6.187695e+02
2	6	3	1.185032e+02
2	6	4	8.196248e+02
2	6	5	5.118747e+02
2	6	6	4.479506e+02
2	6	7	1.186057e+02
2	6	8	3.959837e+02
2	6	9	5.226211e+02
2	7	0	3.803322e+02
2	7	1	6.284127e+02
2	7	2	2.242654e+03
2	7	3	2.378239e+02
2	7	4	1.457953e+02
2	7	5	8.763924e+01
2	7	6	4.134197e+02
2	7	7	6.753562e+01
2	7	8	-4.810930e+01
2	7	9	6.290175e+02
2	8	0	4.212348e+02
2	8	1	4.078475e+02
2	8	2	4.311043e+02
2	8	3	1.873876e+02
2	8	4	4.335392e+02
2	8	5	8.685877e+02
2	8	6	5.859865e+01
2	8	7	1.235329e+03
2	8	8	9.240983e+02
2	8	9	1.620033e+02
2	9	0	1.161770e+03
2	9	1	1.422006e+03
2	9	2	1.969473e+02
2	9	3	1.240781e+02
2	9	4	4.054503e+02
2	9	5	-3.122440e+00
2	9	6	2.599051e+02
2	9	7	8.895469e+02
2	9	8	1.410022e+03
2	9	9	7.791843e+02
