2.641007e-01	0.000000e+00	
0.000000e+00	3.333918e-01	
2.780232e-01	0.000000e+00	
2.776099e-01	0.000000e+00	
0.000000e+00	3.167709e-01	
2.537428e-01	0.000000e+00	
2.506534e-01	0.000000e+00	
2.589123e-01	0.000000e+00	
0.000000e+00	3.094685e-01	
0.000000e+00	3.101284e-01	
2.566242e-01	0.000000e+00	
0.000000e+00	3.160591e-01	
0.000000e+00	3.115853e-01	
2.727621e-01	0.000000e+00	
2.698637e-01	0.000000e+00	
2.664139e-01	0.000000e+00	
0.000000e+00	3.116240e-01	
2.769230e-01	0.000000e+00	
0.000000e+00	3.190488e-01	
2.588607e-01	0.000000e+00	
0.000000e+00	3.159065e-01	
2.817325e-01	0.000000e+00	
0.000000e+00	3.176136e-01	
2.729691e-01	0.000000e+00	
