2.300535e-01	0.000000e+00	0.000000e+00	0.000000e+00	0.000000e+00	0.000000e+00	0.000000e+00	2.184443e-01	0.000000e+00	0.000000e+00	
0.000000e+00	1.759339e-01	0.000000e+00	0.000000e+00	0.000000e+00	0.000000e+00	1.057260e-01	0.000000e+00	1.299376e-01	1.718088e-01	
1.332124e-01	8.078181e-02	0.000000e+00	0.000000e+00	2.111892e-01	0.000000e+00	0.000000e+00	0.000000e+00	0.000000e+00	1.680824e-01	
0.000000e+00	0.000000e+00	1.037153e-01	0.000000e+00	0.000000e+00	0.000000e+00	1.399030e-01	2.316915e-01	1.660747e-01	6.606723e-02	
1.008707e-01	1.350794e-01	0.000000e+00	0.000000e+00	0.000000e+00	0.000000e+00	0.000000e+00	0.000000e+00	1.016819e-01	2.260873e-01	
0.000000e+00	0.000000e+00	0.000000e+00	4.866684e-01	0.000000e+00	0.000000e+00	0.000000e+00	0.000000e+00	0.000000e+00	0.000000e+00	
1.392840e-01	1.299795e-01	0.000000e+00	0.000000e+00	2.381023e-01	0.000000e+00	0.000000e+00	0.000000e+00	0.000000e+00	0.000000e+00	
0.000000e+00	0.000000e+00	0.000000e+00	0.000000e+00	0.000000e+00	0.000000e+00	0.000000e+00	0.000000e+00	3.647020e-01	0.000000e+00	
0.000000e+00	0.000000e+00	2.699889e-01	1.736987e-01	0.000000e+00	0.000000e+00	0.000000e+00	2.364427e-01	0.000000e+00	0.000000e+00	
0.000000e+00	2.112574e-01	0.000000e+00	1.892159e-01	0.000000e+00	0.000000e+00	0.000000e+00	0.000000e+00	1.357164e-01	0.000000e+00	
0.000000e+00	2.657433e-01	0.000000e+00	1.977595e-01	0.000000e+00	0.000000e+00	6.886033e-02	1.150920e-01	0.000000e+00	0.000000e+00	
0.000000e+00	1.967353e-01	1.155429e-01	0.000000e+00	0.000000e+00	0.000000e+00	1.075825e-01	1.617642e-01	0.000000e+00	7.713208e-02	
1.590588e-01	1.098971e-01	0.000000e+00	0.000000e+00	1.945694e-01	0.000000e+00	5.641812e-02	0.000000e+00	0.000000e+00	0.000000e+00	
7.196451e-02	1.281355e-01	0.000000e+00	0.000000e+00	1.528920e-01	0.000000e+00	0.000000e+00	0.000000e+00	5.928840e-02	2.306384e-01	
0.000000e+00	2.681900e-01	0.000000e+00	0.000000e+00	0.000000e+00	0.000000e+00	1.175853e-01	0.000000e+00	1.756110e-01	0.000000e+00	
1.327253e-01	9.638963e-02	1.055537e-01	0.000000e+00	1.547524e-01	0.000000e+00	0.000000e+00	0.000000e+00	0.000000e+00	7.611443e-02	
0.000000e+00	1.497456e-01	6.982874e-02	0.000000e+00	7.589962e-02	1.077067e-01	0.000000e+00	0.000000e+00	1.653764e-01	1.263533e-01	
1.721812e-01	0.000000e+00	0.000000e+00	0.000000e+00	0.000000e+00	2.328792e-01	9.082337e-02	0.000000e+00	0.000000e+00	0.000000e+00	
1.078378e-01	0.000000e+00	0.000000e+00	0.000000e+00	1.404493e-01	1.451787e-01	1.121513e-01	0.000000e+00	0.000000e+00	1.786071e-01	
0.000000e+00	0.000000e+00	0.000000e+00	4.079350e-01	0.000000e+00	0.000000e+00	0.000000e+00	2.947570e-01	0.000000e+00	0.000000e+00	
1.741285e-01	0.000000e+00	0.000000e+00	0.000000e+00	0.000000e+00	0.000000e+00	1.775994e-01	0.000000e+00	0.000000e+00	0.000000e+00	
0.000000e+00	3.010377e-01	0.000000e+00	0.000000e+00	2.935105e-01	0.000000e+00	5.873723e-02	0.000000e+00	0.000000e+00	0.000000e+00	
1.763577e-01	2.511463e-02	0.000000e+00	6.127482e-02	0.000000e+00	1.174411e-01	0.000000e+00	0.000000e+00	0.000000e+00	0.000000e+00	
0.000000e+00	1.150566e-01	0.000000e+00	0.000000e+00	0.000000e+00	2.226526e-01	6.444372e-02	1.880097e-01	1.346295e-01	0.000000e+00	
0.000000e+00	3.748608e-02	1.481222e-01	0.000000e+00	0.000000e+00	8.418627e-02	6.082422e-02	2.355801e-01	1.082341e-01	0.000000e+00	
0.000000e+00	1.658877e-01	0.000000e+00	0.000000e+00	0.000000e+00	0.000000e+00	8.545134e-02	0.000000e+00	2.154866e-01	0.000000e+00	
1.293658e-01	0.000000e+00	0.000000e+00	0.000000e+00	0.000000e+00	0.000000e+00	1.353190e-01	6.915714e-02	0.000000e+00	2.024004e-01	
0.000000e+00	0.000000e+00	2.508565e-01	0.000000e+00	0.000000e+00	2.901180e-01	0.000000e+00	2.698046e-01	0.000000e+00	0.000000e+00	
0.000000e+00	2.279009e-01	6.439466e-02	0.000000e+00	0.000000e+00	0.000000e+00	0.000000e+00	0.000000e+00	1.446496e-01	1.677477e-01	
1.023763e-01	1.571622e-01	0.000000e+00	8.763187e-02	0.000000e+00	2.064307e-01	0.000000e+00	0.000000e+00	0.000000e+00	0.000000e+00	
1.303805e-01	0.000000e+00	8.596580e-02	0.000000e+00	1.897302e-01	0.000000e+00	0.000000e+00	0.000000e+00	0.000000e+00	1.882901e-01	
0.000000e+00	0.000000e+00	0.000000e+00	0.000000e+00	2.806649e-01	3.482965e-01	0.000000e+00	0.000000e+00	0.000000e+00	2.712348e-01	
2.006938e-01	0.000000e+00	0.000000e+00	0.000000e+00	1.512541e-01	0.000000e+00	0.000000e+00	1.826968e-01	0.000000e+00	0.000000e+00	
1.512228e-01	8.400742e-02	0.000000e+00	1.081677e-01	8.892629e-02	0.000000e+00	0.000000e+00	0.000000e+00	0.000000e+00	0.000000e+00	
1.664677e-01	0.000000e+00	0.000000e+00	0.000000e+00	1.914202e-01	0.000000e+00	0.000000e+00	0.000000e+00	0.000000e+00	2.153572e-01	
1.823641e-01	0.000000e+00	0.000000e+00	0.000000e+00	1.596354e-01	0.000000e+00	0.000000e+00	0.000000e+00	0.000000e+00	2.423656e-01	
1.371028e-01	1.186936e-01	0.000000e+00	0.000000e+00	2.418268e-01	0.000000e+00	0.000000e+00	0.000000e+00	0.000000e+00	0.000000e+00	
1.244059e-01	1.143611e-01	9.564464e-02	0.000000e+00	0.000000e+00	0.000000e+00	0.000000e+00	1.739896e-01	0.000000e+00	9.110689e-02	
1.135760e-01	0.000000e+00	1.445300e-01	0.000000e+00	1.857725e-01	0.000000e+00	0.000000e+00	2.153651e-01	0.000000e+00	0.000000e+00	
2.521742e-01	0.000000e+00	0.000000e+00	0.000000e+00	0.000000e+00	0.000000e+00	0.000000e+00	0.000000e+00	0.000000e+00	0.000000e+00	
0.000000e+00	0.000000e+00	2.266094e-01	1.314790e-01	0.000000e+00	0.000000e+00	7.317314e-02	2.045957e-01	0.000000e+00	0.000000e+00	
0.000000e+00	2.221461e-01	1.831051e-01	0.000000e+00	0.000000e+00	0.000000e+00	0.000000e+00	0.000000e+00	1.634408e-01	0.000000e+00	
1.286955e-01	0.000000e+00	7.154017e-02	0.000000e+00	1.868345e-01	0.000000e+00	0.000000e+00	0.000000e+00	0.000000e+00	1.899184e-01	
1.871795e-01	0.000000e+00	0.000000e+00	0.000000e+00	0.000000e+00	0.000000e+00	2.572412e-01	0.000000e+00	0.000000e+00	0.000000e+00	
0.000000e+00	0.000000e+00	0.000000e+00	5.469485e-01	0.000000e+00	0.000000e+00	0.000000e+00	0.000000e+00	0.000000e+00	0.000000e+00	
0.000000e+00	2.605648e-01	1.061835e-01	0.000000e+00	0.000000e+00	0.000000e+00	9.352674e-02	0.000000e+00	1.076254e-01	0.000000e+00	
0.000000e+00	0.000000e+00	2.153686e-01	0.000000e+00	0.000000e+00	0.000000e+00	1.240520e-01	1.973094e-01	0.000000e+00	2.145590e-01	
0.000000e+00	0.000000e+00	2.123303e-01	7.515320e-02	0.000000e+00	3.410999e-01	0.000000e+00	0.000000e+00	0.000000e+00	0.000000e+00	
1.483876e-01	0.000000e+00	0.000000e+00	0.000000e+00	0.000000e+00	0.000000e+00	2.195398e-01	0.000000e+00	0.000000e+00	0.000000e+00	
0.000000e+00	0.000000e+00	0.000000e+00	0.000000e+00	0.000000e+00	0.000000e+00	4.087070e-01	0.000000e+00	0.000000e+00	0.000000e+00	
1.715407e-01	0.000000e+00	1.142936e-01	0.000000e+00	0.000000e+00	0.000000e+00	0.000000e+00	1.899955e-01	0.000000e+00	0.000000e+00	
0.000000e+00	1.553550e-01	0.000000e+00	0.000000e+00	0.000000e+00	2.069588e-01	0.000000e+00	0.000000e+00	1.655405e-01	1.087184e-01	
6.824576e-02	1.000911e-01	0.000000e+00	0.000000e+00	0.000000e+00	2.333270e-01	0.000000e+00	0.000000e+00	5.554786e-02	2.132704e-01	
0.000000e+00	2.136278e-01	0.000000e+00	1.002962e-01	4.550603e-02	0.000000e+00	0.000000e+00	0.000000e+00	1.506769e-01	0.000000e+00	
0.000000e+00	1.766977e-01	2.547494e-01	0.000000e+00	1.114187e-01	0.000000e+00	0.000000e+00	0.000000e+00	0.000000e+00	0.000000e+00	
0.000000e+00	0.000000e+00	0.000000e+00	0.000000e+00	7.167966e-02	1.646030e-01	4.249042e-02	0.000000e+00	1.504347e-01	2.802357e-01	
1.825504e-01	0.000000e+00	0.000000e+00	0.000000e+00	1.487767e-01	0.000000e+00	0.000000e+00	0.000000e+00	0.000000e+00	1.956605e-01	
1.513584e-01	0.000000e+00	1.489755e-01	0.000000e+00	3.865303e-02	0.000000e+00	0.000000e+00	0.000000e+00	0.000000e+00	0.000000e+00	
0.000000e+00	1.990778e-01	1.663301e-01	0.000000e+00	0.000000e+00	2.331413e-01	2.542350e-02	0.000000e+00	0.000000e+00	0.000000e+00	
1.318595e-01	0.000000e+00	9.856927e-02	0.000000e+00	0.000000e+00	0.000000e+00	0.000000e+00	2.043575e-01	0.000000e+00	2.057462e-01	
0.000000e+00	1.332387e-01	1.861996e-01	0.000000e+00	0.000000e+00	3.123153e-01	3.654346e-02	1.578355e-01	0.000000e+00	0.000000e+00	
8.975361e-02	1.339635e-01	1.700739e-01	0.000000e+00	1.677521e-01	0.000000e+00	0.000000e+00	0.000000e+00	0.000000e+00	0.000000e+00	
9.386099e-02	0.000000e+00	-2.774299e-02	2.348602e-01	0.000000e+00	0.000000e+00	0.000000e+00	1.944318e-01	0.000000e+00	1.967763e-01	
1.755641e-01	0.000000e+00	1.051192e-01	0.000000e+00	0.000000e+00	0.000000e+00	0.000000e+00	2.656279e-01	0.000000e+00	0.000000e+00	
0.000000e+00	0.000000e+00	1.700434e-01	0.000000e+00	1.389448e-01	2.546931e-01	0.000000e+00	1.601452e-01	7.098196e-02	0.000000e+00	
1.393989e-01	0.000000e+00	0.000000e+00	0.000000e+00	1.950083e-01	0.000000e+00	0.000000e+00	1.423721e-01	0.000000e+00	1.573418e-01	
1.920044e-01	0.000000e+00	0.000000e+00	0.000000e+00	0.000000e+00	0.000000e+00	0.000000e+00	0.000000e+00	0.000000e+00	2.620921e-01	
0.000000e+00	0.000000e+00	2.373247e-01	1.443214e-01	0.000000e+00	2.164091e-01	0.000000e+00	0.000000e+00	0.000000e+00	0.000000e+00	
0.000000e+00	2.074989e-01	9.161812e-02	0.000000e+00	0.000000e+00	0.000000e+00	0.000000e+00	0.000000e+00	1.756158e-01	0.000000e+00	
0.000000e+00	1.194746e-01	1.182494e-01	1.433699e-01	0.000000e+00	0.000000e+00	0.000000e+00	0.000000e+00	1.321895e-01	0.000000e+00	
0.000000e+00	0.000000e+00	0.000000e+00	0.000000e+00	0.000000e+00	0.000000e+00	0.000000e+00	0.000000e+00	0.000000e+00	0.000000e+00	
0.000000e+00	0.000000e+00	0.000000e+00	0.000000e+00	0.000000e+00	0.000000e+00	0.000000e+00	0.000000e+00	3.254446e-01	0.000000e+00	
0.000000e+00	1.899863e-01	5.361370e-02	0.000000e+00	0.000000e+00	0.000000e+00	8.341536e-02	0.000000e+00	9.939750e-02	1.969532e-01	
1.664544e-01	0.000000e+00	0.000000e+00	0.000000e+00	5.636760e-02	0.000000e+00	4.749280e-02	0.000000e+00	0.000000e+00	1.135114e-01	
1.093487e-01	0.000000e+00	0.000000e+00	0.000000e+00	0.000000e+00	0.000000e+00	1.317626e-01	0.000000e+00	1.454720e-01	0.000000e+00	
0.000000e+00	0.000000e+00	0.000000e+00	0.000000e+00	0.000000e+00	0.000000e+00	2.132348e-01	0.000000e+00	2.622357e-01	0.000000e+00	
0.000000e+00	0.000000e+00	0.000000e+00	1.995904e-01	2.170718e-01	0.000000e+00	0.000000e+00	1.940677e-01	0.000000e+00	0.000000e+00	
1.110715e-01	0.000000e+00	0.000000e+00	0.000000e+00	0.000000e+00	0.000000e+00	0.000000e+00	0.000000e+00	2.562030e-01	0.000000e+00	
0.000000e+00	0.000000e+00	0.000000e+00	0.000000e+00	0.000000e+00	0.000000e+00	1.868937e-01	0.000000e+00	2.278493e-01	0.000000e+00	
1.380316e-01	0.000000e+00	1.771844e-01	0.000000e+00	1.796937e-01	0.000000e+00	0.000000e+00	0.000000e+00	0.000000e+00	0.000000e+00	
0.000000e+00	0.000000e+00	3.719560e-01	0.000000e+00	0.000000e+00	0.000000e+00	0.000000e+00	0.000000e+00	0.000000e+00	0.000000e+00	
0.000000e+00	0.000000e+00	2.731543e-01	0.000000e+00	1.634833e-01	0.000000e+00	0.000000e+00	1.765867e-01	0.000000e+00	0.000000e+00	
2.411635e-01	0.000000e+00	0.000000e+00	0.000000e+00	0.000000e+00	0.000000e+00	0.000000e+00	0.000000e+00	0.000000e+00	0.000000e+00	
0.000000e+00	0.000000e+00	0.000000e+00	0.000000e+00	0.000000e+00	3.003820e-01	0.000000e+00	0.000000e+00	2.845630e-01	0.000000e+00	
1.598925e-01	0.000000e+00	0.000000e+00	0.000000e+00	2.142298e-01	0.000000e+00	0.000000e+00	1.768017e-01	0.000000e+00	0.000000e+00	
0.000000e+00	0.000000e+00	0.000000e+00	0.000000e+00	2.483375e-01	0.000000e+00	2.162860e-01	0.000000e+00	0.000000e+00	0.000000e+00	
0.000000e+00	0.000000e+00	0.000000e+00	0.000000e+00	0.000000e+00	0.000000e+00	3.544930e-01	0.000000e+00	0.000000e+00	0.000000e+00	
0.000000e+00	0.000000e+00	0.000000e+00	0.000000e+00	1.438874e-01	0.000000e+00	0.000000e+00	0.000000e+00	2.512774e-01	0.000000e+00	
0.000000e+00	0.000000e+00	0.000000e+00	0.000000e+00	0.000000e+00	0.000000e+00	0.000000e+00	0.000000e+00	0.000000e+00	0.000000e+00	
0.000000e+00	0.000000e+00	0.000000e+00	0.000000e+00	0.000000e+00	0.000000e+00	4.114506e-01	0.000000e+00	0.000000e+00	0.000000e+00	
0.000000e+00	0.000000e+00	0.000000e+00	0.000000e+00	0.000000e+00	0.000000e+00	0.000000e+00	0.000000e+00	0.000000e+00	0.000000e+00	
0.000000e+00	0.000000e+00	0.000000e+00	0.000000e+00	0.000000e+00	0.000000e+00	0.000000e+00	0.000000e+00	0.000000e+00	0.000000e+00	
0.000000e+00	0.000000e+00	0.000000e+00	0.000000e+00	0.000000e+00	0.000000e+00	0.000000e+00	0.000000e+00	0.000000e+00	0.000000e+00	
1.725668e-01	0.000000e+00	0.000000e+00	0.000000e+00	0.000000e+00	0.000000e+00	9.757397e-02	0.000000e+00	0.000000e+00	0.000000e+00	
0.000000e+00	0.000000e+00	0.000000e+00	0.000000e+00	0.000000e+00	0.000000e+00	0.000000e+00	0.000000e+00	0.000000e+00	0.000000e+00	
0.000000e+00	0.000000e+00	0.000000e+00	0.000000e+00	0.000000e+00	0.000000e+00	0.000000e+00	0.000000e+00	0.000000e+00	0.000000e+00	
0.000000e+00	0.000000e+00	0.000000e+00	0.000000e+00	0.000000e+00	0.000000e+00	2.715136e-01	0.000000e+00	0.000000e+00	0.000000e+00	
