3 35 2 5.000000
3 35 1 5.000000
3 36 10 5.000000
13 8 7 4.000000
13 17 7 5.000000
13 1 3 5.000000
13 40 2 4.000000
13 50 2 3.000000
13 15 2 4.000000
13 39 2 4.000000
13 30 2 5.000000
13 41 2 5.000000
13 21 2 3.000000
13 13 1 3.000000
13 25 1 4.000000
13 28 1 4.000000
13 1 3 5.000000
13 22 1 5.000000
13 9 6 3.000000
13 10 4 5.000000
13 3 4 5.000000
13 3 4 5.000000
13 3 4 5.000000
13 6 7 5.000000
13 8 9 4.000000
13 1 3 5.000000
13 1 3 3.000000
13 1 3 2.000000
13 7 3 5.000000
13 49 2 5.000000
13 46 2 4.000000
13 34 1 4.000000
13 48 1 4.000000
13 45 1 2.000000
13 18 1 3.000000
13 47 1 4.000000
13 2 1 4.000000
13 31 1 5.000000
36 19 9 3.000000
10 8 7 4.000000
10 17 7 5.000000
10 1 3 5.000000
10 40 2 4.000000
10 50 2 3.000000
10 15 2 4.000000
10 39 2 4.000000
10 30 2 5.000000
10 41 2 5.000000
10 21 2 3.000000
10 13 1 3.000000
10 25 1 4.000000
10 28 1 4.000000
10 1 3 5.000000
10 22 1 5.000000
10 9 6 3.000000
10 10 4 5.000000
10 3 4 5.000000
10 6 7 5.000000
10 8 9 4.000000
10 1 3 5.000000
10 1 3 3.000000
10 1 3 2.000000
10 7 3 5.000000
10 44 1 3.000000
10 49 2 5.000000
10 46 2 4.000000
10 34 1 4.000000
10 45 1 2.000000
10 18 1 3.000000
10 47 1 4.000000
10 2 1 4.000000
10 31 1 5.000000
44 12 6 1.000000
44 24 6 5.000000
34 21 5 3.000000
34 32 5 3.000000
34 41 5 4.000000
34 34 5 5.000000
34 18 5 5.000000
34 13 5 4.000000
34 15 5 4.000000
34 12 5 4.000000
34 16 5 3.000000
4 35 2 5.000000
4 36 10 4.000000
4 35 1 5.000000
4 36 10 5.000000
28 14 5 5.000000
28 11 6 2.000000
28 32 5 5.000000
38 47 5 3.000000
40 37 2 3.000000
40 11 8 3.000000
32 19 9 3.000000
25 11 6 1.000000
25 43 2 4.000000
25 23 1 5.000000
25 23 1 5.000000
25 33 10 5.000000
25 33 10 5.000000
25 33 10 5.000000
27 24 8 4.000000
27 46 8 5.000000
27 13 8 4.000000
27 44 8 5.000000
27 48 8 4.000000
26 24 8 4.000000
26 46 8 5.000000
26 13 8 4.000000
26 44 8 5.000000
26 48 8 4.000000
29 14 5 5.000000
29 11 6 2.000000
29 32 5 5.000000
43 12 6 1.000000
43 24 6 5.000000
49 29 8 5.000000
49 43 2 5.000000
49 37 2 3.000000
49 26 2 5.000000
49 26 2 5.000000
49 26 2 5.000000
49 2 1 3.000000
49 38 6 4.000000
49 29 8 3.000000
49 37 2 1.000000
37 32 5 5.000000
37 50 5 5.000000
45 12 6 1.000000
45 24 6 5.000000
12 8 7 4.000000
12 17 7 5.000000
12 16 9 5.000000
12 1 3 5.000000
12 40 2 4.000000
12 50 2 3.000000
12 15 2 4.000000
12 39 2 4.000000
12 41 2 5.000000
12 21 2 3.000000
12 13 1 3.000000
12 25 1 4.000000
12 28 1 4.000000
12 1 3 5.000000
12 22 1 5.000000
12 9 6 3.000000
12 10 4 5.000000
12 3 4 5.000000
12 3 4 5.000000
12 3 4 5.000000
12 6 7 5.000000
12 8 9 4.000000
12 1 3 5.000000
12 1 3 3.000000
12 1 3 2.000000
12 7 3 5.000000
12 44 1 3.000000
12 49 2 5.000000
12 46 2 4.000000
12 34 1 4.000000
12 48 1 4.000000
12 45 1 2.000000
12 18 1 3.000000
12 47 1 4.000000
12 2 1 4.000000
12 31 1 5.000000
2 35 2 5.000000
2 35 1 5.000000
2 36 10 5.000000
15 8 7 4.000000
15 17 7 5.000000
15 16 9 5.000000
15 1 3 5.000000
15 50 2 3.000000
15 15 2 4.000000
15 39 2 4.000000
15 30 2 5.000000
15 41 2 5.000000
15 21 2 3.000000
15 13 1 3.000000
15 25 1 4.000000
15 28 1 4.000000
15 1 3 5.000000
15 10 4 5.000000
15 3 4 5.000000
15 3 4 5.000000
15 3 4 5.000000
15 6 7 5.000000
15 1 3 3.000000
15 1 3 2.000000
15 7 3 5.000000
15 44 1 3.000000
15 49 2 5.000000
15 34 1 4.000000
15 48 1 4.000000
15 45 1 2.000000
15 18 1 3.000000
15 47 1 4.000000
15 31 1 5.000000
16 8 7 4.000000
16 17 7 5.000000
16 16 9 5.000000
16 1 3 5.000000
16 40 2 4.000000
16 50 2 3.000000
16 15 2 4.000000
16 39 2 4.000000
16 30 2 5.000000
16 41 2 5.000000
16 13 1 3.000000
16 25 1 4.000000
16 28 1 4.000000
16 1 3 5.000000
16 9 6 3.000000
16 10 4 5.000000
16 3 4 5.000000
16 3 4 5.000000
16 3 4 5.000000
16 6 7 5.000000
16 8 9 4.000000
16 1 3 5.000000
16 1 3 3.000000
16 1 3 2.000000
16 7 3 5.000000
16 49 2 5.000000
16 46 2 4.000000
16 34 1 4.000000
16 48 1 4.000000
16 45 1 2.000000
16 18 1 3.000000
16 2 1 4.000000
16 31 1 5.000000
5 35 2 5.000000
5 36 10 4.000000
5 35 1 5.000000
5 36 10 5.000000
46 12 6 1.000000
46 24 6 5.000000
8 8 7 4.000000
8 17 7 5.000000
8 16 9 5.000000
8 1 3 5.000000
8 40 2 4.000000
8 50 2 3.000000
8 39 2 4.000000
8 30 2 5.000000
8 41 2 5.000000
8 13 1 3.000000
8 25 1 4.000000
8 1 3 5.000000
8 22 1 5.000000
8 9 6 3.000000
8 10 4 5.000000
8 3 4 5.000000
8 3 4 5.000000
8 3 4 5.000000
8 6 7 5.000000
8 8 9 4.000000
8 1 3 5.000000
8 1 3 3.000000
8 1 3 2.000000
8 7 3 5.000000
8 44 1 3.000000
8 49 2 5.000000
8 46 2 4.000000
8 34 1 4.000000
8 48 1 4.000000
8 45 1 2.000000
8 18 1 3.000000
8 47 1 4.000000
8 2 1 4.000000
8 31 1 5.000000
39 37 2 3.000000
39 11 8 3.000000
33 19 9 3.000000
41 37 2 3.000000
41 11 8 3.000000
31 17 5 2.000000
31 21 5 4.000000
31 23 5 4.000000
31 22 5 4.000000
31 12 5 4.000000
31 16 5 3.000000
31 13 4 5.000000
31 18 5 5.000000
24 11 6 1.000000
24 23 1 5.000000
24 23 1 5.000000
24 33 10 5.000000
24 33 10 5.000000
24 33 10 5.000000
11 8 7 4.000000
11 17 7 5.000000
11 16 9 5.000000
11 1 3 5.000000
11 40 2 4.000000
11 39 2 4.000000
11 30 2 5.000000
11 21 2 3.000000
11 13 1 3.000000
11 25 1 4.000000
11 22 1 5.000000
11 9 6 3.000000
11 10 4 5.000000
11 3 4 5.000000
11 3 4 5.000000
11 3 4 5.000000
11 6 7 5.000000
11 8 9 4.000000
11 1 3 5.000000
11 1 3 3.000000
11 1 3 2.000000
11 7 3 5.000000
11 44 1 3.000000
11 49 2 5.000000
11 46 2 4.000000
11 48 1 4.000000
11 45 1 2.000000
11 18 1 3.000000
11 47 1 4.000000
11 2 1 4.000000
11 31 1 5.000000
42 37 2 3.000000
42 11 8 3.000000
14 8 7 4.000000
14 17 7 5.000000
14 16 9 5.000000
14 1 3 5.000000
14 40 2 4.000000
14 50 2 3.000000
14 15 2 4.000000
14 30 2 5.000000
14 41 2 5.000000
14 21 2 3.000000
14 13 1 3.000000
14 25 1 4.000000
14 28 1 4.000000
14 1 3 5.000000
14 22 1 5.000000
14 9 6 3.000000
14 3 4 5.000000
14 3 4 5.000000
14 6 7 5.000000
14 1 3 5.000000
14 1 3 3.000000
14 1 3 2.000000
14 7 3 5.000000
14 44 1 3.000000
14 49 2 5.000000
14 46 2 4.000000
14 34 1 4.000000
14 48 1 4.000000
14 45 1 2.000000
14 18 1 3.000000
14 2 1 4.000000
14 31 1 5.000000
35 19 9 3.000000
23 11 6 1.000000
23 43 2 4.000000
23 23 1 5.000000
23 23 1 5.000000
23 33 10 5.000000
23 33 10 5.000000
23 33 10 5.000000
48 20 4 2.000000
48 29 8 5.000000
48 43 2 5.000000
48 37 2 3.000000
48 43 2 5.000000
48 26 2 5.000000
48 26 2 5.000000
48 26 2 5.000000
48 2 1 3.000000
48 38 6 4.000000
48 29 8 3.000000
48 37 2 1.000000
48 29 8 5.000000
50 20 4 2.000000
50 29 8 5.000000
50 43 2 5.000000
50 37 2 3.000000
50 43 2 5.000000
50 26 2 5.000000
50 26 2 5.000000
50 26 2 5.000000
50 38 6 4.000000
50 29 8 3.000000
50 37 2 1.000000
50 29 8 5.000000
47 20 4 2.000000
47 29 8 5.000000
47 43 2 5.000000
47 43 2 5.000000
47 26 2 5.000000
47 26 2 5.000000
47 26 2 5.000000
47 38 6 4.000000
47 29 8 3.000000
47 37 2 1.000000
47 29 8 5.000000
22 11 6 1.000000
22 43 2 4.000000
22 23 1 5.000000
22 23 1 5.000000
22 33 10 5.000000
22 33 10 5.000000
22 33 10 5.000000
30 12 5 3.000000
30 16 5 3.000000
30 13 5 5.000000
30 17 5 3.000000
30 23 5 4.000000
30 2 5 4.000000
9 8 7 4.000000
9 17 7 5.000000
9 40 2 4.000000
9 50 2 3.000000
9 15 2 4.000000
9 39 2 4.000000
9 30 2 5.000000
9 41 2 5.000000
9 13 1 3.000000
9 25 1 4.000000
9 28 1 4.000000
9 22 1 5.000000
9 9 6 3.000000
9 10 4 5.000000
9 3 4 5.000000
9 3 4 5.000000
9 3 4 5.000000
9 6 7 5.000000
9 8 9 4.000000
9 1 3 5.000000
9 1 3 3.000000
9 1 3 2.000000
9 44 1 3.000000
9 49 2 5.000000
9 46 2 4.000000
9 34 1 4.000000
9 48 1 4.000000
9 45 1 2.000000
9 18 1 3.000000
9 47 1 4.000000
9 2 1 4.000000
