40 41 1 5.000000
43 47 9 3.000000
17 40 9 3.000000
2 7 6 3.000000
15 25 7 3.000000
21 2 9 4.000000
26 2 6 5.000000
18 28 7 4.000000
36 42 1 4.000000
38 5 3 4.000000
34 49 9 4.000000
40 44 9 4.000000
41 8 8 5.000000
23 5 2 3.000000
5 4 2 5.000000
43 10 8 4.000000
21 46 7 4.000000
27 23 2 4.000000
27 43 2 3.000000
19 38 5 3.000000
22 16 8 4.000000
17 25 10 4.000000
28 42 10 5.000000
32 23 9 3.000000
46 30 9 3.000000
23 12 2 4.000000
18 40 6 5.000000
4 21 4 3.000000
21 11 4 4.000000
4 18 3 3.000000
22 40 10 4.000000
16 5 2 5.000000
23 17 10 2.000000
13 40 10 4.000000
15 17 2 2.000000
8 17 4 3.000000
26 28 6 3.000000
26 33 6 2.000000
42 9 6 3.000000
9 29 3 4.000000
26 20 4 4.000000
23 11 3 4.000000
3 46 6 5.000000
16 23 8 4.000000
5 19 8 4.000000
32 5 4 4.000000
22 15 7 4.000000
6 21 6 4.000000
18 43 2 4.000000
3 3 8 5.000000
6 18 6 4.000000
7 9 4 4.000000
29 46 8 4.000000
15 5 10 4.000000
38 11 7 5.000000
43 23 9 3.000000
20 14 9 5.000000
49 12 6 4.000000
34 2 1 5.000000
12 2 5 5.000000
10 25 1 3.000000
26 22 3 3.000000
18 23 2 4.000000
42 27 4 4.000000
15 17 7 1.000000
41 12 8 3.000000
43 40 10 4.000000
32 1 3 5.000000
26 34 7 3.000000
13 35 2 2.000000
29 9 9 3.000000
47 43 7 3.000000
27 15 2 3.000000
20 33 9 3.000000
7 3 4 5.000000
29 29 6 4.000000
7 1 3 5.000000
7 13 7 4.000000
34 23 9 4.000000
1 6 1 4.000000
8 38 3 4.000000
50 20 2 4.000000
26 9 7 5.000000
29 42 6 4.000000
4 49 9 3.000000
47 17 3 5.000000
27 17 1 5.000000
17 27 6 5.000000
19 5 8 4.000000
49 4 6 4.000000
40 25 1 4.000000
50 39 7 4.000000
29 3 2 4.000000
2 22 9 4.000000
3 7 7 4.000000
4 47 2 3.000000
10 2 1 4.000000
24 5 3 3.000000
43 22 1 4.000000
7 12 7 4.000000
32 25 3 4.000000
7 20 7 3.000000
35 5 2 2.000000
8 4 8 5.000000
41 45 8 4.000000
43 14 1 4.000000
40 15 2 3.000000
23 22 6 4.000000
3 23 3 4.000000
43 1 1 4.000000
43 27 2 4.000000
2 2 1 4.000000
42 14 4 1.000000
5 34 8 4.000000
4 2 10 3.000000
3 28 8 3.000000
9 1 5 4.000000
41 42 8 4.000000
23 14 10 5.000000
4 2 5 3.000000
29 7 10 3.000000
7 32 6 2.000000
31 7 8 4.000000
4 30 9 3.000000
2 34 1 3.000000
44 29 1 3.000000
22 8 9 5.000000
16 9 4 3.000000
43 3 6 4.000000
22 50 6 4.000000
7 38 4 4.000000
40 1 5 5.000000
23 31 7 4.000000
20 2 5 4.000000
23 44 9 3.000000
29 5 9 4.000000
12 7 8 5.000000
17 13 1 4.000000
15 36 4 4.000000
46 10 4 4.000000
22 27 5 4.000000
16 17 8 4.000000
40 36 1 5.000000
2 42 1 4.000000
7 42 4 3.000000
18 44 10 5.000000
6 7 6 2.000000
15 25 7 4.000000
35 35 5 5.000000
18 10 8 4.000000
23 40 9 4.000000
38 16 3 4.000000
40 6 1 5.000000
29 16 6 4.000000
20 4 2 5.000000
50 33 3 4.000000
17 12 3 4.000000
3 18 7 4.000000
23 1 9 3.000000
15 44 10 4.000000
2 31 3 3.000000
37 49 4 5.000000
42 12 4 3.000000
18 34 6 4.000000
27 45 10 3.000000
7 11 8 4.000000
35 41 1 4.000000
22 17 9 4.000000
17 11 7 4.000000
23 15 7 4.000000
29 28 2 3.000000
19 20 7 4.000000
44 25 4 4.000000
25 48 7 4.000000
16 41 5 5.000000
2 49 5 4.000000
18 12 5 3.000000
34 30 1 5.000000
43 41 10 4.000000
28 2 10 3.000000
34 2 1 5.000000
4 23 3 3.000000
7 35 3 5.000000
27 28 10 3.000000
47 42 1 5.000000
46 29 8 3.000000
2 25 10 4.000000
21 13 1 5.000000
7 50 6 4.000000
18 46 7 4.000000
28 40 5 5.000000
43 21 1 4.000000
29 15 9 3.000000
28 8 5 5.000000
9 16 8 4.000000
7 11 3 3.000000
42 46 4 3.000000
40 24 10 4.000000
26 11 8 5.000000
9 40 10 4.000000
27 22 10 3.000000
23 48 9 4.000000
22 8 2 5.000000
46 37 8 4.000000
23 3 9 4.000000
47 39 6 3.000000
41 33 8 4.000000
7 27 4 3.000000
20 41 1 4.000000
5 10 8 5.000000
32 27 3 4.000000
3 21 7 4.000000
12 41 1 4.000000
4 34 2 3.000000
4 6 5 4.000000
10 35 1 4.000000
7 6 6 3.000000
26 31 2 4.000000
3 14 2 4.000000
22 40 10 4.000000
3 32 3 5.000000
28 39 10 3.000000
27 10 4 4.000000
36 46 4 5.000000
35 2 1 5.000000
7 41 4 3.000000
6 16 6 5.000000
22 20 5 4.000000
35 10 4 4.000000
4 17 5 3.000000
26 37 2 3.000000
22 36 5 4.000000
27 42 5 4.000000
50 23 3 4.000000
25 20 3 5.000000
